"serial_id","fecha","hora","pos_acum","neg_acum","test_diag_acum","casos_sosp","fallecidos_acum","fallecidos_prob_acum","fallecidos_tot","fallecidos_pmill","n_mues_acum","conf_sosp_desc","pos_tasa","n_mues","test_diag","pos","por_pos","cont","por_pob","n_est","fallecidos","neg","fallecidos_test","fallecidos_prob","test_diag_pmill","n_mues_pmill","n_mues_sres","fallecidos_reg_civil"
1,2020-03-16,"16:00:00",58,NA,NA,NA,2,NA,NA,NA,NA,NA,NA,NA,NA,NA,NA,NA,NA,NA,NA,NA,NA,NA,NA,NA,NA,NA
2,2020-03-17,"08:00:00",111,NA,NA,NA,2,NA,NA,NA,NA,NA,NA,NA,NA,53,NA,NA,NA,NA,NA,NA,NA,NA,NA,NA,NA,NA
3,2020-03-18,"15:00:00",168,312,480,283,3,NA,NA,NA,762,763,0.35,NA,NA,57,NA,NA,NA,NA,NA,NA,NA,NA,NA,NA,NA,NA
4,2020-03-19,"16:00:00",260,412,672,481,4,NA,NA,NA,1153,1153,0.387,391,192,92,47.92,70844.7,0.41,332.97,NA,100,1,NA,39.3442623,67.5058548,481,NA
5,2020-03-20,"16:00:00",426,533,959,711,7,NA,NA,NA,1670,1670,0.444,517,287,166,57.84,116076.3,0.68,545.56,NA,121,3,NA,56.14754098,97.77517564,711,NA
6,2020-03-21,"17:00:00",532,649,1181,870,7,NA,NA,NA,2051,2051,0.45,381,222,106,47.75,144959.1,0.85,681.31,NA,116,0,NA,69.14519906,120.0819672,870,NA
7,2020-03-22,"10:00:00",789,872,1661,699,14,NA,NA,NA,2360,2360,0.475,309,480,257,53.54,214986.4,1.26,1010.44,NA,223,7,NA,97.24824356,138.1733021,699,NA
8,2020-03-23,"10:00:00",981,1091,2072,708,18,NA,NA,NA,2780,2780,0.473,420,411,192,46.72,267302.5,1.57,1256.32,NA,219,4,NA,121.3114754,162.763466,708,NA
9,2020-03-24,"17:00:00",1082,1225,2307,1311,27,NA,NA,NA,3618,3618,0.469,838,235,101,42.98,294822.9,1.73,1385.67,NA,134,9,NA,135.0702576,211.8266979,1311,NA
10,2020-03-25,"17:00:00",1211,1387,2598,1692,29,NA,NA,NA,4290,4290,0.466,672,291,129,44.33,329972.8,1.93,1550.87,NA,162,2,NA,152.1077283,251.1709602,1692,NA
11,2020-03-26,"17:00:00",1403,1722,3125,1965,34,NA,NA,NA,5090,5090,0.449,800,527,192,36.43,382288.8,2.24,1796.76,NA,335,5,NA,182.9625293,298.0093677,1965,NA
12,2020-03-27,"17:00:00",1627,1941,3568,2347,41,NA,NA,NA,5915,5915,0.456,825,443,224,50.56,443324.3,2.6,2083.62,NA,219,7,NA,208.8992974,346.3114754,2347,NA
13,2020-03-28,"17:00:00",1835,2100,3935,2680,48,NA,NA,NA,6615,6615,0.466,700,367,208,56.68,5e+05,2.93,2350,NA,159,7,NA,230.3864169,387.295082,2680,NA
14,2020-03-29,"17:00:00",1924,2199,4123,2869,58,NA,NA,NA,6992,6992,0.467,377,188,89,47.34,524250.7,3.07,2463.98,NA,99,10,NA,241.3934426,409.3676815,2869,NA
15,2020-03-30,"10:00:00",1962,2223,4185,3083,60,NA,NA,NA,7268,7268,0.469,276,62,38,61.29,534604.9,3.13,2512.64,NA,24,2,NA,245.0234192,425.5269321,3083,NA
16,2020-03-31,"17:00:00",2302,2526,4828,2423,79,NA,NA,NA,8251,7251,0.477,1636,643,340,52.88,627248,3.67,2948.07,NA,426,31,NA,282.6697892,483.0796253,3423,NA
17,2020-04-01,"17:00:00",2758,2833,5591,3428,98,76,174,10.19,9019,9019,0.493,768,763,456,59.76,751498.6,4.4,3532.04,NA,307,19,NA,327.3419204,528.0444965,3428,NA
18,2020-04-02,"10:00:00",3163,3139,6302,3302,120,78,198,11.59,9604,9604,0.502,585,711,405,56.96,861852.9,5.05,4050.71,24,306,22,2,368.969555,562.295082,3302,NA
19,2020-04-03,"10:00:00",3368,3288,6656,3661,145,101,246,14.4,10317,10317,0.506,713,354,205,57.91,917711.2,5.37,4313.24,48,149,25,23,389.6955504,604.0398126,3661,NA
20,2020-04-04,"10:00:00",3465,3369,6834,4475,172,146,318,18.62,11309,11309,0.507,992,178,97,54.49,944141.7,5.53,4437.47,72,81,27,45,400.117096,662.1194379,4475,NA
21,2020-04-05,"10:00:00",3646,3603,7249,5137,180,159,339,19.85,12386,12386,0.503,1077,415,181,43.61,993460.5,5.82,4669.26,21,234,8,13,424.4145199,725.175644,5137,NA
22,2020-04-06,"10:00:00",3747,3843,7590,5449,191,173,364,21.31,13039,13039,0.494,653,341,101,29.62,1020980.9,5.98,4798.61,25,240,11,14,444.3793911,763.4074941,5449,NA
23,2020-04-07,"17:00:00",3995,3956,7951,NA,220,182,402,23.54,14406,NA,0.502,1367,361,248,68.7,1088555.9,6.37,5116.21,38,113,29,9,465.5152225,843.442623,6455,NA
24,2020-04-08,"07:00:00",4450,4208,8658,NA,242,240,482,28.22,15526,NA,0.514,1120,707,455,64.36,1212534.1,7.1,5698.91,80,252,22,58,506.9086651,909.0163934,6868,NA
25,2020-04-09,"07:00:00",4965,4674,9639,NA,272,284,556,32.55,19102,NA,0.515,3576,981,515,52.5,1352861,7.92,6358.45,74,466,30,44,564.3442623,1118.384075,9463,NA
26,2020-04-10,"07:00:00",7161,6496,13657,NA,297,311,608,35.6,21568,NA,0.524,2466,4018,2196,54.65,1951226.2,11.42,9170.76,52,1822,25,27,799.5901639,1262.763466,7911,NA
27,2020-04-11,"07:00:00",7257,6944,14201,NA,315,338,653,38.23,22649,NA,0.511,1081,544,96,17.65,1977384.2,11.58,9293.71,45,448,18,27,831.440281,1326.053864,8448,NA
28,2020-04-12,"08:00:00",7466,7118,14584,NA,333,384,717,41.98,23635,NA,0.512,986,383,209,54.57,2034332.4,11.91,9561.36,64,174,18,46,853.8641686,1383.782201,9051,NA
29,2020-04-13,"08:00:00",7529,7297,14826,NA,355,424,779,45.61,24553,NA,0.508,918,242,63,26.03,2051498.6,12.01,9642.04,62,179,22,40,868.0327869,1437.529274,9727,NA
30,2020-04-14,"08:00:00",7603,7495,15098,NA,369,436,805,47.13,25347,NA,0.504,794,272,74,27.21,2071662.1,12.13,9736.81,26,198,14,12,883.9578454,1484.016393,10249,NA
31,2020-04-15,"08:00:00",7858,7756,15614,NA,388,582,970,56.79,26093,NA,0.503,746,516,255,49.42,2141144.4,12.54,10063.38,165,261,19,146,914.1686183,1527.693208,10479,NA
32,2020-04-16,"08:00:00",8225,7912,16137,NA,403,632,1035,60.6,27868,NA,0.51,1775,523,367,70.17,2241144.4,13.12,10533.38,65,156,15,50,944.7892272,1631.615925,11731,358
33,2020-04-17,"08:00:00",8450,8075,16525,NA,421,675,1096,64.17,29595,NA,0.511,1727,388,225,57.99,2302452.3,13.48,10821.53,61,163,18,43,967.5058548,1732.728337,13070,297
34,2020-04-18,"08:00:00",9022,8491,17513,NA,456,731,1187,69.5,30922,NA,0.515,1327,988,572,57.89,2458310.6,14.39,11554.06,91,416,35,56,1025.351288,1810.421546,13409,216
35,2020-04-19,"08:00:00",9468,8965,18433,NA,474,817,1291,75.59,31809,NA,0.514,887,920,446,48.48,2579836.5,15.1,12125.23,104,474,18,86,1079.215457,1862.35363,13376,117
36,2020-04-20,"09:39:00",10128,9732,19860,NA,507,826,1333,78.04,32453,NA,0.51,644,1427,660,46.25,2759673,16.16,12970.46,42,767,33,9,1162.763466,1900.058548,12593,125
37,2020-04-21,"08:00:00",10398,10082,20480,NA,520,902,1422,83.26,33389,NA,0.508,936,620,270,43.55,2833242.5,16.59,13316.24,89,350,13,76,1199.063232,1954.859485,12909,NA
38,2020-04-22,"08:00:00",10850,10757,21607,NA,537,952,1489,87.18,34840,NA,0.502,1451,1127,452,40.11,2956403.3,17.31,13895.1,67,675,17,50,1265.046838,2039.812646,13233,NA
39,2020-04-23,"08:00:00",11183,12200,23383,NA,560,1028,1588,92.97,34420,NA,0.478,-420,1776,333,18.75,3047139,17.84,14321.55,99,1443,23,76,1369.028103,2015.222482,11037,NA
40,2020-04-24,"08:00:00",22719,23138,45857,NA,576,1060,1636,95.78,56513,NA,0.495,22093,22474,11536,51.33,6190463.2,36.24,29095.18,48,10938,16,32,2684.836066,3308.723653,10656,NA
